#base_trace: teragrid, config_file: ds-sample-config05.xml, total_servers: 100, total_time: 129600, time_dist_mean: 0.688000, time_dist_stdev: 0.531000, node_dist_mean: -1.408000, node_dist_stdev: 1.907000
0 803 tiny 5
0 584 xlarge 1
646 2514 medium 9
846 1341 tiny 0
1016 1405 small 16
1169 1350 medium 0
1278 1855 xlarge 0
1399 2205 tiny 5
1863 2154 medium 2
2002 2353 large 7
2009 2209 tiny 12
2030 2381 large 9
2047 2144 tiny 15
2262 2673 large 6
2338 3214 xlarge 1
2348 2562 medium 0
2356 2891 tiny 0
2909 3564 tiny 5
3410 3759 xlarge 1
4251 4585 medium 0
4710 5193 tiny 5
4970 5186 xlarge 1
5461 6389 xlarge 1
5990 6032 tiny 7
6701 6957 tiny 15
6708 6951 tiny 5
6710 7079 medium 9
6849 6947 medium 2
6887 7179 tiny 0
6897 7063 large 7
7172 7312 small 0
7665 7910 small 0
7861 8136 medium 9
8068 8468 tiny 7
8743 9166 small 0
9176 9407 medium 0
9489 9884 tiny 7
10027 10498 medium 9
10082 10456 large 7
10105 10275 medium 2
10169 10458 tiny 15
10366 10634 tiny 7
10683 11574 tiny 5
10868 11217 large 7
10876 11254 medium 2
10905 11361 tiny 15
10958 11683 xlarge 1
10976 11203 large 9
11018 11369 medium 9
11053 11651 small 16
11081 11333 tiny 7
11085 11224 tiny 12
11097 11195 tiny 17
12070 12631 tiny 5
12235 12352 xlarge 1
12646 13101 medium 2
12818 13378 medium 9
12827 13012 large 7
12842 13019 tiny 15
13387 13645 small 0
13565 13859 medium 0
14748 15235 tiny 0
14992 15294 tiny 7
15075 15402 medium 9
15226 15500 small 0
15285 15427 medium 1
15791 16196 tiny 7
15968 16315 xlarge 1
16253 16534 tiny 15
16356 16757 medium 9
16452 16722 large 7
16479 16722 medium 2
16756 16987 tiny 0
16833 17213 tiny 7
17069 17214 small 0
17821 18148 tiny 0
18418 18681 medium 9
19084 19678 medium 9
19120 19240 xlarge 1
19845 20302 large 9
19896 20656 tiny 0
19916 20486 medium 9
19924 20276 small 0
19978 20231 large 7
19997 20390 tiny 12
20010 20149 medium 2
20077 20147 tiny 15
20679 20978 tiny 7
20884 21117 tiny 0
21187 21444 tiny 7
21366 21995 tiny 5
21444 22310 medium 9
22131 22256 tiny 7
22611 23343 medium 9
22620 22846 tiny 5
22836 23367 tiny 0
23624 23988 tiny 7
24868 24984 medium 9
25004 25970 tiny 5
25095 25946 xlarge 1
25718 25921 tiny 17
26201 26606 medium 9
26464 26754 xlarge 1
26466 26750 tiny 5
26474 26885 xlarge 0
27035 27396 tiny 0
27223 27540 xlarge 1
27342 27728 tiny 5
27490 27715 medium 9
28388 28654 small 16
28883 29285 small 16
29513 29963 tiny 0
30292 30339 xlarge 1
30592 30663 tiny 5
30599 30896 xlarge 0
30662 30946 large 7
30664 31108 tiny 12
30711 31168 large 9
30742 30941 medium 2
30752 30945 tiny 15
30779 31057 medium 9
31042 31716 xlarge 1
31129 31448 tiny 5
31377 31778 tiny 7
32209 32635 small 16
32805 33058 medium 0
32920 33157 large 6
33454 33697 medium 9
34552 35049 medium 9
35575 36353 xlarge 1
35794 36085 tiny 5
36723 37160 small 16
36876 37156 tiny 7
37544 37917 tiny 0
38135 38672 xlarge 1
38251 38653 tiny 5
38847 39806 tiny 5
39197 39430 xlarge 1
39230 39457 xlarge 0
39855 40138 medium 9
40185 40761 tiny 7
40260 40855 tiny 5
40388 40775 xlarge 1
40836 41299 small 16
40836 41248 medium 0
40889 41263 tiny 7
41161 41526 tiny 5
41208 41699 large 9
41209 41572 medium 9
41251 41586 large 7
41334 41577 tiny 15
41360 41615 xlarge 1
41391 41623 medium 2
41476 41860 small 16
41553 41914 tiny 7
41920 42178 xlarge 1
42277 42595 tiny 5
42418 42752 medium 9
42480 42689 medium 0
42589 42808 large 6
42764 42977 xlarge 1
43048 43359 tiny 5
43138 43488 tiny 0
43270 43641 tiny 12
43322 43650 tiny 15
43334 43742 medium 9
43358 43796 large 7
43376 43784 large 9
43402 43541 tiny 7
43460 43718 medium 2
44210 44620 medium 9
44571 44775 tiny 5
44900 45224 tiny 7
45049 45693 tiny 5
45463 45697 xlarge 1
45768 46072 tiny 0
46458 46588 xlarge 1
46586 46928 xlarge 0
46640 46937 tiny 5
46948 47283 small 16
47644 47802 small 16
47929 48170 tiny 0
48183 48451 medium 9
48710 49001 tiny 5
49477 49533 tiny 5
49872 50165 xlarge 1
49877 50315 small 0
50080 50276 tiny 5
50135 50580 tiny 7
50378 50462 tiny 0
50498 50935 xlarge 1
51071 51588 xlarge 1
51171 51422 tiny 0
51348 51894 tiny 7
51419 51663 large 6
51496 51634 medium 0
51749 52461 xlarge 1
52313 52657 tiny 0
52426 52726 medium 4
52486 52680 medium 15
52892 53377 tiny 15
52906 53188 medium 2
52932 53371 tiny 5
52965 53302 large 7
52969 53321 large 9
53030 53698 xlarge 1
53057 53367 medium 9
53100 53322 tiny 12
53797 54100 medium 9
54398 54665 tiny 17
54460 54829 xlarge 1
54559 54635 tiny 9
54560 54886 tiny 0
54580 54772 medium 19
54810 55417 tiny 5
55182 55434 xlarge 0
55485 55746 small 16
56775 57085 medium 0
56793 57131 large 6
56915 57034 xlarge 1
57109 57571 tiny 5
57694 58004 tiny 0
57852 58007 xlarge 1
58477 58537 xlarge 1
58975 59171 tiny 0
59373 59517 tiny 5
59747 60237 medium 1
59902 60191 small 0
60808 60953 xlarge 1
61316 61729 large 6
61368 61706 small 0
61383 61715 medium 1
61423 61739 tiny 0
61442 61721 medium 0
61782 61855 xlarge 1
62215 62519 tiny 5
62228 62601 xlarge 1
62876 63096 tiny 7
63638 63957 tiny 1
63802 64132 small 16
63811 64183 tiny 6
63877 64126 small 18
63959 64339 large 9
63978 64375 medium 9
64014 64354 medium 2
64130 64471 large 7
64163 64460 tiny 15
64681 64866 tiny 7
65098 65363 tiny 0
65530 65766 small 0
65787 66062 tiny 15
65846 66249 large 9
65865 66100 medium 2
65903 66045 medium 9
65916 66190 tiny 0
65991 66076 large 7
68198 68608 small 0
68469 68859 tiny 7
69203 69523 tiny 7
69700 69967 large 9
69708 69951 medium 2
69830 70172 medium 9
69837 70138 tiny 15
69897 69974 large 7
70983 71243 tiny 5
71220 71446 small 0
71845 72211 tiny 5
72168 72351 small 0
73285 73543 large 6
73336 73664 medium 11
73347 73543 medium 0
74332 74807 tiny 0
74340 74521 tiny 5
75997 76434 medium 2
76007 76498 large 9
76011 76477 medium 9
76111 76383 large 7
76134 76314 tiny 15
76297 77045 tiny 5
76962 77233 tiny 7
77246 77444 tiny 0
77274 77571 small 0
77364 77634 medium 1
77539 77824 tiny 5
78290 78456 tiny 5
79088 79487 tiny 5
79965 80245 small 0
80853 81155 tiny 5
81439 81685 tiny 7
81634 81969 tiny 15
81697 82028 medium 2
81767 82012 large 7
81846 82158 medium 9
81972 82358 tiny 0
82481 82673 tiny 7
82704 83549 xlarge 1
82790 83078 tiny 0
82797 82950 tiny 17
83622 83955 tiny 7
84037 84457 tiny 0
84135 84399 medium 9
84374 84793 medium 1
84390 84729 tiny 5
84443 84787 small 0
85358 85726 tiny 5
85938 86323 xlarge 1
86075 86247 tiny 5
86506 86952 xlarge 1
86757 87155 medium 9
86766 87155 small 16
87282 88046 xlarge 1
87667 88042 medium 0
87676 88121 medium 19
87746 88194 tiny 9
87757 88051 large 6
87891 88015 tiny 17
89088 89479 xlarge 1
89940 90216 xlarge 1
90527 91446 xlarge 1
90591 90701 medium 0
90688 91273 tiny 5
90807 91179 medium 9
91017 91395 medium 0
93269 93384 medium 0
93695 94484 medium 9
93971 94479 medium 19
94009 94346 tiny 17
94079 94244 xlarge 1
94194 94291 tiny 9
94331 94595 tiny 7
94705 94905 medium 0
95207 95477 tiny 7
95215 95554 small 0
95506 95924 medium 0
97855 98369 small 0
98028 98328 tiny 7
98742 99069 medium 9
98829 99261 tiny 15
98848 99045 medium 2
98995 99162 large 7
99666 100065 tiny 5
101435 101751 medium 2
101497 101955 tiny 15
101529 101794 large 9
101534 101876 large 7
101537 101843 medium 9
101753 102294 small 18
101764 102153 large 15
101798 102538 tiny 17
101846 102054 small 16
101858 102277 tiny 6
101860 102250 medium 0
101945 103096 xlarge 1
101946 102161 tiny 1
102262 102587 tiny 7
102471 102704 medium 9
102833 103143 tiny 17
103704 103837 tiny 5
103933 104259 xlarge 1
104733 105082 medium 0
107343 107583 large 6
107379 107663 medium 0
107811 108172 medium 0
108390 108842 xlarge 1
108443 108748 tiny 17
109341 110087 tiny 5
109423 109552 medium 9
109471 109758 medium 0
109495 109705 xlarge 0
110685 110992 tiny 5
110687 110916 xlarge 0
111232 111466 medium 0
111651 112107 small 16
111678 112196 tiny 1
111679 112086 tiny 6
111846 112090 small 18
112929 113150 tiny 7
113802 114132 tiny 7
115026 115424 xlarge 1
116989 117286 tiny 5
117263 117464 medium 0
120715 121079 medium 9
121894 122217 tiny 5
121910 122193 medium 0
121962 122235 small 16
123501 123876 tiny 7
123560 123855 medium 1
123570 123737 small 0
124149 124233 xlarge 1
124309 124658 tiny 5
125048 125630 xlarge 1
125228 125633 tiny 7
125282 125470 large 9
125320 125758 tiny 15
125322 125655 tiny 17
125349 125779 medium 2
125378 125870 large 7
125390 125880 medium 9
126373 126765 tiny 7
127117 127733 xlarge 1
127863 128205 tiny 5
129407 129761 tiny 15
129439 129825 medium 9
129452 129804 large 7
129476 129863 medium 2
130342 130710 tiny 5
131632 131953 tiny 17
131691 131977 xlarge 1
132759 133168 tiny 7
133857 134141 medium 9
134183 134528 xlarge 1
134861 135277 tiny 17
134902 135157 xlarge 1
135421 135898 tiny 5
135682 136083 xlarge 1
135987 136314 medium 0
136741 137054 medium 9
137746 138233 tiny 17
137862 138227 xlarge 1
137899 138241 tiny 5
138940 139322 tiny 0
138992 139375 medium 4
139165 139480 medium 0
140095 140161 tiny 7
140521 140801 xlarge 1
140557 140772 tiny 17
141033 141505 xlarge 1
141368 141885 tiny 12
141441 141861 large 7
141448 141727 tiny 15
141467 141785 large 9
141472 141950 medium 9
141493 141645 tiny 7
141550 141643 medium 2
142197 142375 tiny 0
142254 142689 tiny 7
144455 144746 tiny 5
145844 146156 tiny 0
145845 146207 medium 4
145904 146280 medium 15
147530 147770 tiny 5
148274 148704 tiny 5
150456 150725 tiny 0
150587 150729 tiny 5
150807 150969 xlarge 1
151158 151233 tiny 7
151636 151852 tiny 5
154054 154397 tiny 5
154427 154755 medium 0
156060 156563 tiny 5
157255 157782 tiny 15
157276 157548 medium 2
157322 157617 medium 9
157367 157735 large 9
157385 157701 tiny 5
157420 157651 xlarge 1
157485 157787 large 7
159272 159571 small 16
160368 160725 medium 9
160834 161164 tiny 15
160894 161304 large 7
160987 161292 medium 9
161021 161286 medium 2
161052 161354 large 9
161622 161768 tiny 7
161871 162237 small 0
161911 162290 medium 1
161956 162662 tiny 5
162148 162509 tiny 7
162734 163012 tiny 7
163089 163249 tiny 5
164246 164619 tiny 7
164283 164515 tiny 0
164935 165051 xlarge 1
165113 165434 tiny 0
165359 165811 medium 2
165382 165851 medium 9
165450 166166 tiny 5
165493 165813 large 7
165597 165724 tiny 15
165962 166233 medium 9
166567 166981 tiny 5
166700 167064 tiny 7
167036 167472 medium 9
167630 167766 tiny 5
168082 168642 medium 0
168251 168650 tiny 5
169009 169287 medium 1
169122 169352 small 0
169266 169538 tiny 5
170473 170930 medium 9
170492 170749 large 7
170507 170827 large 9
170510 170957 tiny 12
170511 170876 medium 2
170590 170844 tiny 0
170612 170976 tiny 15
170852 171208 medium 0
170852 171227 large 6
171451 171677 tiny 5
171658 172177 large 9
171700 172125 large 7
171707 171958 tiny 12
171731 172084 medium 2
171785 172018 medium 3
171786 172001 medium 9
171845 172172 tiny 15
172654 172879 tiny 5
172994 173207 medium 9
173796 174297 tiny 7
174218 174385 tiny 5
174424 175177 medium 9
174585 174766 tiny 7
174724 175002 medium 2
174733 174944 tiny 12
174789 175195 large 9
174822 175198 large 7
174855 175106 tiny 15
175343 175593 tiny 5
175755 175856 medium 0
176174 176647 tiny 5
177273 177456 small 0
179187 179612 large 7
179246 179670 medium 9
179270 179693 xlarge 1
179298 179657 medium 2
179334 179598 tiny 15
179964 180264 xlarge 1
181315 181695 tiny 5
181461 181586 xlarge 0
182089 182173 tiny 7
183145 183443 tiny 5
183284 183518 medium 0
183476 183869 tiny 0
183518 183701 xlarge 1
183632 184173 tiny 7
184660 184987 tiny 5
185150 185692 xlarge 0
185304 185673 tiny 5
